Top 12 Pareto Survivors:
   Metal        MSD  Lindemann        PMF  Radius_Mismatch  OSSE     S_MSD    S_Lind     S_PMF     S_Rad    S_OSSE      Dist  Rank
0     Ni  47.718931   0.102532 -14.234466             0.03  12.0  0.396668  0.615520  0.730679  0.960526  1.000000  0.765459     1
1     Cr  50.078612   0.139921 -14.689006             0.08  12.0  0.349377  0.376975  0.792724  0.894737  1.000000  0.930331     2
2      V  47.013299   0.140121 -14.531628             0.07   8.0  0.410810  0.375701  0.771242  0.907895  0.666667  0.953320     3
3     Co  47.581540   0.044191 -10.507278             0.03   8.0  0.399421  0.987733  0.221916  0.960526  0.666667  1.038715     4
4     Cu  23.888516   0.182269 -14.007503             0.01   6.0  0.874262  0.106789  0.699698  0.986842  0.500000  1.074239     5
5     Pt  24.896632   0.112017 -14.656466             0.09   0.0  0.854058  0.555001  0.788282  0.881579  0.000000  1.130562     6
6      W  24.896632   0.114135 -14.656466             0.06   0.0  0.854058  0.541489  0.788282  0.921053  0.000000  1.132514     7
7     Rh  27.206898   0.087648 -12.605534             0.05   0.0  0.807757  0.710480  0.508329  0.934211  0.000000  1.169123     8
8     Tb  24.927975   0.133953 -15.225811             0.20   0.0  0.853430  0.415052  0.865998  0.736842  0.000000  1.204515     9
9     Eu  24.927975   0.133953 -15.225811             0.23   0.0  0.853430  0.415052  0.865998  0.697368  0.000000  1.213750    10
10    Tc  43.776037   0.115637 -13.992451             0.07   0.0  0.475689  0.531905  0.697644  0.907895  0.000000  1.262505    11
11    Ir  46.651255   0.111053 -14.310110             0.04   0.0  0.418066  0.561150  0.741005  0.947368  0.000000  1.265340    12

Period Distribution:
Metal
4    5
5    2
6    5